***************************************************************************************
Hstograma para img1.jpg que pertenece a la Clase2

6978 |33 |4390 |4 |103 |0 |40 |0 |10 |0 |48 |0 |6 |0 |10 |0 |67 |0 |39 |0 |0 |0 |0 |0 |3 |0 |20 |0 |218 |130 |208 |35 |3984 |8 |9241 |0 |55 |0 |76 |0 |68 |0 |64 |0 |32 |0 |25 |0 |70 |0 |79 |0 |1 |0 |1 |0 |40 |0 |29 |0 |527 |348 |615 |142 |21 |11 |2 |1 |0 |0 |0 |0 |0 |0 |0 |0 |0 |0 |0 |0 |0 |0 |0 |0 |0 |0 |0 |0 |0 |0 |0 |0 |199 |777 |218 |215 |15 |0 |1 |0 |0 |0 |0 |0 |0 |0 |0 |0 |0 |0 |0 |0 |0 |0 |0 |0 |0 |0 |0 |0 |0 |0 |0 |0 |88 |215 |182 |161 |3 |24 |3 |1 |0 |0 |0 |0 |0 |0 |0 |0 |0 |0 |0 |0 |0 |0 |0 |0 |0 |0 |0 |0 |0 |0 |0 |0 |5 |31 |34 |52 |0 |7 |0 |0 |0 |0 |0 |0 |0 |0 |0 |0 |0 |0 |0 |0 |0 |0 |0 |0 |0 |0 |0 |0 |0 |0 |0 |0 |53 |367 |520 |809 |19 |7275 |11 |3465 |0 |25 |0 |11 |0 |0 |0 |4 |0 |6 |0 |5 |0 |38 |0 |45 |0 |11 |0 |4 |0 |9 |0 |31 |54 |2926 |316 |3486 |10 |3409 |1 |6012 |0 |26 |0 |31 |0 |3 |0 |77 |0 |16 |0 |71 |0 |11 |0 |29 |0 |3 |0 |2 |0 |2 |0 |65 |78 |3514 |826 |11995 | 

***************************************************************************************
Hstograma para img2.jpg que pertenece a la Clase2

5190 |99 |5643 |18 |93 |0 |119 |0 |63 |0 |180 |0 |5 |0 |33 |0 |82 |0 |290 |0 |2 |0 |2 |0 |2 |0 |40 |0 |247 |172 |339 |105 |5753 |17 |6598 |2 |318 |0 |306 |0 |214 |0 |364 |0 |30 |0 |47 |0 |109 |0 |322 |0 |3 |0 |7 |0 |19 |0 |47 |0 |330 |451 |292 |168 |102 |55 |7 |6 |0 |0 |0 |0 |0 |0 |0 |0 |0 |0 |0 |0 |0 |0 |0 |0 |0 |0 |0 |0 |0 |0 |0 |0 |200 |293 |434 |204 |11 |8 |2 |0 |0 |0 |0 |0 |0 |0 |0 |0 |0 |0 |0 |0 |0 |0 |0 |0 |0 |0 |0 |0 |0 |0 |0 |0 |104 |200 |149 |61 |11 |65 |1 |12 |0 |0 |0 |0 |0 |0 |0 |0 |0 |0 |0 |0 |0 |0 |0 |0 |0 |0 |0 |0 |0 |0 |0 |0 |14 |100 |45 |122 |0 |16 |0 |2 |0 |0 |0 |0 |0 |0 |0 |0 |0 |0 |0 |0 |0 |0 |0 |0 |0 |0 |0 |0 |0 |0 |0 |0 |41 |596 |179 |490 |67 |6052 |6 |4148 |0 |7 |0 |6 |0 |0 |0 |7 |0 |3 |0 |4 |0 |8 |0 |41 |0 |9 |0 |3 |0 |0 |0 |38 |106 |2358 |580 |5166 |8 |4056 |1 |5700 |0 |47 |0 |24 |0 |6 |0 |43 |0 |49 |0 |88 |0 |6 |0 |33 |0 |2 |0 |3 |0 |14 |0 |67 |99 |5234 |471 |9473 | 

***************************************************************************************
Hstograma para img1.jpg que pertenece a la Clase1

3613 |123 |3763 |151 |28 |0 |27 |1 |5 |1 |5 |1 |11 |0 |13 |1 |31 |2 |43 |5 |7 |0 |8 |0 |11 |0 |25 |2 |269 |21 |185 |10 |3912 |309 |9849 |766 |68 |5 |82 |4 |15 |0 |87 |3 |28 |2 |104 |3 |36 |4 |105 |7 |3 |0 |11 |0 |17 |0 |131 |11 |195 |10 |411 |19 |132 |38 |321 |53 |1 |0 |1 |4 |0 |1 |1 |0 |0 |0 |1 |0 |0 |1 |4 |2 |0 |0 |0 |1 |1 |0 |2 |0 |11 |6 |13 |5 |181 |60 |714 |134 |3 |3 |10 |2 |0 |0 |4 |1 |1 |0 |3 |0 |1 |3 |8 |1 |0 |0 |0 |0 |3 |0 |5 |1 |15 |2 |17 |2 |26 |31 |122 |107 |1 |0 |1 |0 |1 |0 |0 |2 |0 |0 |1 |2 |0 |0 |0 |2 |0 |0 |0 |1 |0 |0 |0 |1 |4 |11 |0 |11 |93 |145 |525 |534 |0 |1 |5 |4 |0 |1 |2 |1 |2 |2 |2 |4 |3 |2 |3 |8 |0 |1 |0 |0 |0 |1 |6 |4 |5 |7 |8 |10 |40 |1202 |162 |3407 |0 |72 |0 |272 |0 |34 |0 |147 |1 |49 |0 |180 |0 |82 |2 |282 |0 |23 |0 |43 |0 |50 |0 |182 |9 |4301 |5 |5274 |120 |3163 |536 |10408 |2 |317 |1 |846 |0 |167 |2 |477 |0 |188 |5 |542 |2 |260 |4 |860 |1 |47 |0 |172 |0 |182 |3 |547 |8 |5737 |9 |7224 | 

***************************************************************************************
Hstograma para img2.jpg que pertenece a la Clase1

5658 |55 |4296 |56 |377 |7 |240 |7 |153 |7 |180 |13 |210 |5 |158 |12 |294 |23 |445 |29 |155 |12 |121 |3 |198 |69 |272 |55 |2416 |195 |3030 |298 |4120 |57 |5673 |120 |434 |16 |331 |14 |230 |10 |287 |10 |354 |23 |251 |11 |203 |20 |337 |25 |128 |9 |114 |12 |160 |61 |234 |85 |2922 |354 |6089 |601 |61 |37 |67 |42 |26 |9 |25 |8 |6 |10 |3 |8 |49 |19 |49 |13 |4 |12 |29 |15 |12 |5 |9 |4 |9 |17 |22 |26 |205 |81 |294 |94 |77 |28 |147 |39 |32 |7 |36 |6 |11 |5 |15 |16 |49 |21 |98 |23 |8 |13 |27 |13 |10 |10 |8 |5 |14 |24 |25 |25 |279 |94 |661 |257 |26 |61 |40 |53 |16 |2 |2 |4 |0 |2 |1 |7 |10 |3 |4 |8 |13 |41 |12 |53 |19 |19 |6 |13 |11 |26 |11 |48 |125 |112 |205 |176 |39 |62 |96 |99 |14 |9 |17 |16 |5 |5 |9 |18 |11 |13 |21 |20 |11 |66 |29 |83 |11 |21 |20 |23 |8 |47 |18 |85 |227 |224 |407 |416 |50 |350 |89 |417 |60 |42 |52 |66 |3 |23 |4 |37 |21 |47 |38 |65 |6 |73 |17 |110 |28 |43 |25 |67 |4 |34 |30 |150 |101 |4002 |220 |3944 |47 |388 |106 |713 |47 |123 |76 |193 |5 |32 |22 |112 |41 |140 |80 |240 |4 |86 |27 |211 |20 |65 |15 |87 |8 |84 |21 |294 |167 |4500 |395 |8141 | 

---------------------------------------------------------------
CALCULO DE DISTANCIAS EUCLIDEAS 
Imagenes: 
   -Img 1 (Clase 2) | Img 2 (Clase 2) = 5584.179199
   -Img 1 (Clase 2) | Img 1 (Clase 1) = 10434.107422
   -Img 1 (Clase 2) | Img 2 (Clase 1) = 13335.600586

   -Img 2 (Clase 2) | Img 1 (Clase 2) = 5584.179199
   -Img 2 (Clase 2) | Img 1 (Clase 1) = 9117.971680
   -Img 2 (Clase 2) | Img 2 (Clase 1) = 12296.641602
Con las distancias calculadas, como se puede visualizar, las menores distancias corresponden a imagenes de  
la misma clase, mientras que cuando son clases diferentes el valor de la distancia es alto 

Con esto podemos decir que el descriptor LBP esta teniendo buenos resultados al comparar los histogramas de ambas clases 
